2 4840
3 7240
4 10360
5 14600
6 19970
7 24920
8 31350
9 38390
10 46180
11 55380
12 64400
13 75300
14 85260
15 96950
16 109240
17 124770
18 137810
19 153530
20 168510
21 181240
22 198210
23 215370
24 232870
25 252540
26 272350
27 291860
28 312330
29 336290
30 358950
31 384580
32 403190
33 427110
34 454380
35 478710
36 505480
37 536100
38 561430
39 590190
40 625010
41 650860
42 683450
43 714770
44 750790
45 781420
46 847570
47 849770
48 901800
49 921870
50 966820
51 1001600
52 1037510
53 1083700
54 1120420
55 1165200
56 1205880
57 1253840
58 1293050
59 1343270
60 1383550
61 1494640
62 1503380
63 1521090
64 1655220
65 1883640
66 1728150
67 1823620
68 1847060
69 2088690
70 1868640
71 2568940
72 2001710
73 2057320
74 2108080
75 2157350
76 2217610
77 2254890
78 2317520
79 2367260
80 2438080
81 2507540
82 2573800
83 2616110
84 2735450
85 2768820
86 2861230
87 2931360
88 2946100
89 3021350
90 3135630
91 3182920
92 3468600
93 3357720
94 3945790
95 3483490
96 3528460
97 3757360
98 3808440
99 3721410
100 3806920
