2 9800
3 13580
4 20720
5 22330
6 31580
7 32670
8 41200
9 43400
10 51710
11 56010
12 66360
13 72940
14 81870
15 87750
16 98100
17 106650
18 109050
19 121550
20 139270
21 152070
22 143580
23 183900
24 162370
25 193020
26 189780
27 205580
28 268130
29 229600
30 226380
31 218360
32 228660
33 242540
34 256870
35 266060
36 271660
37 285450
38 300130
39 307690
40 310590
41 332980
42 348560
43 379540
44 353760
45 490350
46 383130
47 388360
48 396730
49 412190
50 463360
51 455910
52 509510
53 465450
54 477680
55 481460
56 487460
57 599490
58 531520
59 538740
60 537250
61 539070
62 564550
63 574600
64 592040
65 595470
66 597400
67 622450
68 703870
69 692840
70 622620
71 687270
72 698870
73 727650
74 678510
75 742580
76 705040
77 747360
78 748770
79 786120
80 782820
81 781030
82 821240
83 907950
84 809230
85 820360
86 825570
87 869390
88 852160
89 867010
90 880790
91 934680
92 907020
93 928660
94 930270
95 977400
96 971040
97 980850
98 997180
99 1119170
100 1037370
